1 47.47274 19.05995 
2 47.47234 19.05865 
3 47.47755 19.05759
4 47.47274 19.05997
5 47.475002840722226 19.05728938600674
6 47.47549182738187 19.05833834622425
7 47.4738963925023 19.060076362448974
8 47.475830936860376 19.054895359926018
9 47.47620802268595 19.053752735115346
10 47.47031866995348 19.059782972180695
11 47.470321492517265 19.06150624273221
12 47.47031691895169 19.061323550870945
13 47.4701736017358 19.060473246204836
14 47.4621256248271 19.05212607300702
15 47.47334343462514 19.051982567473996
